-- Вставка аллергии на орехи
INSERT INTO allergy_meal (meal_id, allergy_id)
VALUES
    (25, 1),
    (47, 1),
    (90, 1),
    (94, 1),
    (104, 1),
    (124, 1),
    (126, 1),
    (143, 1),
    (150, 1),
    (159, 1),
    (161, 1),
    (206, 1);
-- Вставка аллергии на молоко
INSERT INTO allergy_meal (meal_id, allergy_id)
VALUES
    (1, 2),
    (3, 2),
    (4, 2),
    (13, 2),
    (27, 2),
    (28, 2),
    (31, 2),
    (32, 2),
    (33, 2),
    (34, 2),
    (45, 2),
    (47, 2),
    (48, 2),
    (49, 2),
    (53, 2),
    (55, 2),
    (63, 2),
    (66, 2),
    (69, 2),
    (71, 2),
    (72, 2),
    (84, 2),
    (87, 2),
    (89, 2),
    (90, 2),
    (92, 2),
    (96, 2),
    (101, 2),
    (102, 2),
    (104, 2),
    (105, 2),
    (108, 2),
    (114, 2),
    (117, 2),
    (120, 2),
    (126, 2),
    (128, 2),
    (135, 2),
    (136, 2),
    (139, 2),
    (146, 2),
    (159, 2),
    (161, 2),
    (162, 2),
    (163, 2),
    (167, 2),
    (175, 2),
    (180, 2),
    (187, 2),
    (196, 2);
-- Вставка аллергии на глютен
INSERT INTO allergy_meal (meal_id, allergy_id)
VALUES
    (18, 3),
    (19, 3),
    (20, 3),
    (22, 3),
    (26, 3),
    (32, 3),
    (34, 3),
    (36, 3),
    (38, 3),
    (50, 3),
    (62, 3),
    (70, 3),
    (73, 3),
    (79, 3),
    (84, 3),
    (86, 3),
    (88, 3),
    (91, 3),
    (92, 3),
    (99, 3),
    (102, 3),
    (103, 3),
    (107, 3),
    (109, 3),
    (114, 3),
    (123, 3),
    (132, 3),
    (134, 3),
    (135, 3),
    (139, 3),
    (142, 3),
    (145, 3),
    (146, 3),
    (154, 3),
    (175, 3),
    (196, 3);
-- Вставка аллергии на морепродукты
INSERT INTO allergy_meal (meal_id, allergy_id)
VALUES
    (10, 4),
    (56, 4),
    (124, 4),
    (125, 4),
    (141, 4),
    (152, 4),
    (153, 4),
    (168, 4),
    (176, 4),
    (182, 4),
    (194, 4);
-- Вставка аллергии на яйца
INSERT INTO allergy_meal (meal_id, allergy_id)
VALUES
    (2, 5),
    (3, 5),
    (13, 5),
    (31, 5),
    (118, 5),
    (133, 5),
    (162, 5),
    (192, 5),
    (208, 5);
-- Вставка аллергии на сою
INSERT INTO allergy_meal (meal_id, allergy_id)
VALUES
    (78, 6),
    (92, 6),
    (99, 6),
    (147, 6),
    (75, 6);
-- Вставка аллергии на ракообразных
INSERT INTO allergy_meal (meal_id, allergy_id)
VALUES
    (182, 7),
    (193, 7);
-- Вставка аллергии на арахис
INSERT INTO allergy_meal (meal_id, allergy_id)
VALUES
    (25, 8),
    (47, 8),
    (90, 8),
    (104, 8),
    (124, 8),
    (126, 8),
    (143, 8),
    (150, 8),
    (161, 8),
    (206, 8);
-- Вставка аллергии на кунжут
INSERT INTO allergy_meal (meal_id, allergy_id)
VALUES
    (90, 9),
    (79, 9),
    (103, 9),
    (87, 9);
-- Вставка аллергии на пшеницу
INSERT INTO allergy_meal (meal_id, allergy_id)
VALUES
    (3, 10),
    (19, 10),
    (22, 10),
    (32, 10),
    (34, 10),
    (42, 10),
    (46, 10),
    (54, 10),
    (73, 10),
    (84, 10),
    (91, 10),
    (92, 10),
    (95, 10),
    (107, 10),
    (142, 10),
    (145, 10),
    (177, 10);


